
AeroCalc

yN =

     0
     1
     2
     3
     4
     5
     6
     7
     8
     9
    10


rho =

    1.1800


visc =

   1.7800e-05


vw =

     0


vc =

     0


b =

     2


h =

    1.5000


Omega =

    1.0367


c =

    0.2729
    1.3903
    1.1757
    1.0176
    0.8818
    0.7602
    0.6507
    0.5528
    0.4666
    0.3925


Cl =

    1.5000
    1.4987
    1.4604
    1.4239
    1.3940
    1.3642
    1.3344
    1.3046
    1.2747
    0.8299


Cm =

   -0.1500
   -0.1494
   -0.1330
   -0.1200
   -0.1200
   -0.1200
   -0.1200
   -0.1200
   -0.1200
   -0.1200


t =

    0.1400
    0.1400
    0.1400
    0.1400
    0.1400
    0.1400
    0.1400
    0.1400
    0.1400
    0.1400


xtU =

    0.0500
    0.1500
    0.1500
    0.1500
    0.1500
    0.1500
    0.1500
    0.1500
    0.1500
    0.1500


xtL =

    0.0500
    0.3000
    0.3000
    0.3000
    0.3000
    0.3000
    0.3000
    0.3000
    0.3000
    0.3000


yWire =

    5.8852


zWire =

     1


tWire =

    0.0016


d =

    0.0843
    0.0780
    0.0718
    0.0655
    0.0592
    0.0530
    0.0477
    0.0431
    0.0384
    0.0338


q =

         0
         0
         0
         0
         0
         0
    0.0009
   -0.0000
   -0.0039
   -0.0075
   -0.0008
   -0.0017
    0.0034
   -0.0001
   -0.0148
   -0.0137
   -0.0018
   -0.0034
    0.0077
   -0.0001
   -0.0309
   -0.0178
   -0.0030
   -0.0051
    0.0137
   -0.0002
   -0.0491
   -0.0177
   -0.0046
   -0.0069
    0.0215
   -0.0003
   -0.0632
   -0.0092
   -0.0066
   -0.0085
    0.0308
   -0.0003
   -0.0607
    0.0165
   -0.0091
   -0.0100
    0.0415
   -0.0003
   -0.0270
    0.0479
   -0.0119
   -0.0112
    0.0532
   -0.0003
    0.0328
    0.0688
   -0.0148
   -0.0120
    0.0654
   -0.0003
    0.1076
    0.0786
   -0.0173
   -0.0124
    0.0779
   -0.0003
    0.1876
    0.0805
   -0.0185
   -0.0125


anhedral =

    0.0140


ycmax =

    1.4656

flags =

             Opt: 0
         ConFail: 0
     ConWireCont: 0
      ConJigCont: 0
          ConDef: 0
      MultiPoint: 1
            Quad: 1
        FreeWake: 1
        PlotWake: 0
    DynamicClimb: 0
           Cover: 0
            Load: 0
           Cdfit: 1
           GWing: 1
         AeroStr: 1
           Movie: 0
        wingWarp: 0
        CFRPType: 1
        WireType: 1


----------------------
Fblade =

    Fx:    -0.2844
   -0.8705
    0.1164
    0.4984
    0.7878
    0.9461
    0.9731
    1.1369
    1.5616
    1.0852

    Fz:     0.1541
    1.7941
    6.8047
   11.2554
   15.7867
   19.8947
   23.2618
   25.7222
   27.2613
   18.6410

    My:    -0.0088
   -0.2764
   -0.7288
   -0.9661
   -1.1997
   -1.3317
   -1.3622
   -1.3090
   -1.1994
   -1.0595

     Q:    -0.1422
   -1.3057
    0.2910
    1.7446
    3.5449
    5.2036
    6.3254
    8.5267
   13.2734
   10.3095

     P:    -0.1474
   -1.3537
    0.3017
    1.8086
    3.6751
    5.3947
    6.5577
    8.8398
   13.7608
   10.6881

    Pi:    -0.1498
   -1.3977
    0.0296
    1.1917
    2.5626
    3.6740
    4.3983
    6.0043
   10.2277
    6.4606

    Pp:     0.0024
    0.0440
    0.2720
    0.6169
    1.1125
    1.7207
    2.1595
    2.8355
    3.5332
    4.2275


vi =

   -1.0343
   -0.7853
    0.0044
    0.1058
    0.1622
    0.1846
    0.1890
    0.2333
    0.3749
    0.3463


phi =

   -1.1062
   -0.4676
    0.0017
    0.0292
    0.0348
    0.0324
    0.0280
    0.0300
    0.0425
    0.0351


Re =

   1.0e+05 *

    0.2093
    1.6056
    2.0200
    2.4489
    2.7288
    2.8751
    2.9078
    2.8504
    2.7285
    2.5645


Cd =

    0.0386
    0.0221
    0.0205
    0.0194
    0.0187
    0.0184
    0.0184
    0.0185
    0.0187
    0.0191

