yN =

     0
     1
     2
     3
     4
     5
     6
     7
     8
     9
    10


cE =

    0.2729
    1.3903
    1.1757
    1.0176
    0.8818
    0.7602
    0.6507
    0.5528
    0.4666
    0.3925


d =

    0.0843
    0.0780
    0.0718
    0.0655
    0.0592
    0.0530
    0.0477
    0.0431
    0.0384
    0.0338


flags.GWing =

     1


xtU =

    0.0500
    0.1500
    0.1500
    0.1500
    0.1500
    0.1500
    0.1500
    0.1500
    0.1500
    0.1500


mChord =

    0.0185
    0.1672
    0.1336
    0.1109
    0.0928
    0.0776
    0.0647
    0.0538
    0.0447
    0.0373


xCGChord =

    0.3748
    0.2925
    0.2945
    0.2963
    0.2984
    0.3007
    0.3035
    0.3068
    0.3106
    0.3150