Ns =

    10


ycmax =

    1.4656    3.2944


R =

    10


c_ =

         0    0.8000    1.4000    0.4000    0.3600


Cl_ =

    1.5000    1.4300    1.2300


Cm_ =

   -0.1500   -0.1200   -0.1200


t_ =

    0.1400    0.1400    0.1400


xtU_ =

    0.1500    7.0000    0.1500


xtL_ =

    0.3000    7.0000    0.3000


xEA_ =

    0.2700    0.3300    0.2400


yWire =

    5.8852


d_ =

    0.0874    0.0505    0.0315


theta_ =

    0.3491    0.3491    0.3491


nTube_ =

     4     4     4


nCap_ =

     0     0     0


lBiscuit_ =

    0.3048    0.3048    0.1524

===================================================

cE =

    0.2729
    1.3903
    1.1757
    1.0176
    0.8818
    0.7602
    0.6507
    0.5528
    0.4666
    0.3925


cN =

     0
     0
     0
     0
     0
     0
     0
     0
     0
     0
     0


c100 =

    0.0273
    0.0819
    0.1365
    0.1910
    0.2456
    0.3002
    0.3548
    0.4094
    0.4640
    0.5186
    0.5731
    0.6277
    0.6823
    0.7369
    1.4045
    1.3766
    1.3507
    1.3263
    1.3033
    1.2815
    1.2606
    1.2406
    1.2213
    1.2026
    1.1845
    1.1669
    1.1498
    1.1331
    1.1168
    1.1007
    1.0850
    1.0696
    1.0545
    1.0396
    1.0249
    1.0104
    0.9961
    0.9821
    0.9682
    0.9545
    0.9409
    0.9275
    0.9143
    0.9012
    0.8882
    0.8754
    0.8628
    0.8502
    0.8378
    0.8255
    0.8134
    0.8014
    0.7894
    0.7777
    0.7660
    0.7545
    0.7430
    0.7317
    0.7205
    0.7095
    0.6985
    0.6877
    0.6770
    0.6663
    0.6559
    0.6455
    0.6352
    0.6251
    0.6151
    0.6052
    0.5954
    0.5857
    0.5761
    0.5667
    0.5574
    0.5482
    0.5391
    0.5301
    0.5213
    0.5125
    0.5039
    0.4954
    0.4871
    0.4788
    0.4707
    0.4627
    0.4548
    0.4470
    0.4393
    0.4318
    0.4244
    0.4171
    0.4099
    0.4029
    0.3960
    0.3891
    0.3825
    0.3759
    0.3694
    0.3631


Cl =

    1.5000
    1.4987
    1.4604
    1.4239
    1.3940
    1.3642
    1.3344
    1.3046
    1.2747
    0.8299


Cm =

   -0.1500
   -0.1494
   -0.1330
   -0.1200
   -0.1200
   -0.1200
   -0.1200
   -0.1200
   -0.1200
   -0.1200


t =

    0.1400
    0.1400
    0.1400
    0.1400
    0.1400
    0.1400
    0.1400
    0.1400
    0.1400
    0.1400


xtU =

    0.0500
    0.1500
    0.1500
    0.1500
    0.1500
    0.1500
    0.1500
    0.1500
    0.1500
    0.1500


xtL =

    0.0500
    0.3000
    0.3000
    0.3000
    0.3000
    0.3000
    0.3000
    0.3000
    0.3000
    0.3000


xEA =

    0.2700
    0.2711
    0.3039
    0.3272
    0.3138
    0.3004
    0.2870
    0.2736
    0.2601
    0.2467


d =

    0.0843
    0.0780
    0.0718
    0.0655
    0.0592
    0.0530
    0.0477
    0.0431
    0.0384
    0.0338


theta =

    0.3491
    0.3491
    0.3491
    0.3491
    0.3491
    0.3491
    0.3491
    0.3491
    0.3491
    0.3491


nTube =

     4
     4
     4
     4
     4
     4
     4
     4
     4
     4


nCap =

     0
     0
     0
     0
     0
     0
     0
     0
     0
     0


lBiscuit =

    0.3048
    0.3048
    0.3048
    0.3048
    0.3048
    0.3048
    0.2820
    0.2450
    0.2080
    0.1709


yN =

     0
     1
     2
     3
     4
     5
     6
     7
     8
     9
    10


yE =

    0.5000
    1.5000
    2.5000
    3.5000
    4.5000
    5.5000
    6.5000
    7.5000
    8.5000
    9.5000