Re =

   4.7632e+05


tc =

    0.1500


xtcU =

    0.1500


xtcL =

    0.1500


Cd =

    0.0133

----------------
Re =

   4.7632e+05


tc =

    0.1500


xtcU =

    0.5000


xtcL =

     1


Cd =

    0.0077

-------------------
Re =

   4.7632e+05


tc =

    0.1500


xtcU =

    0.6000


xtcL =

     1


Cd =

    0.0073
-----------------

Re =

      500000


tc =

    0.1500


xtcU =

    0.1500


xtcL =

    0.1500


Cd =

    0.0132
-------------------

Re =

      500000


tc =

    0.1500


xtcU =

    0.5000


xtcL =

     1


Cd =

    0.0076
---------------------

Re =

      500000


tc =

    0.1500


xtcU =

    0.6000


xtcL =

     1


Cd =

    0.0071