Re =

      500000


xtc =

    0.5000


Cfflat =

    0.0038
--------------------

Re =

   4.7632e+05


xtc =

     1


Cfflat =

    0.0019
--------------------

Re =

   4.0526e+05


xtc =

    0.5000


Cfflat =

    0.0041

----------------------
Re =

      500000


xtc =

     1


Cfflat =

    0.0019