Ns =

     1


Finternal =

           0
           0
           0
           0
        1400


d =

    0.1016


theta =

    0.6109


nTube =

     4


nCap =

     0


lBiscuit =

    0.3048


flags = 

             Opt: 1
         ConFail: 0
     ConWireCont: 0
      ConJigCont: 0
          ConDef: 0
      MultiPoint: 4
            Quad: 1
        FreeWake: 1
        PlotWake: 0
    DynamicClimb: 0
           Cover: 0
            Load: 0
           Cdfit: 1
           GWing: 1
         AeroStr: 1
           Movie: 0
        wingWarp: 0
        CFRPType: 1
        WireType: 1

=======================
failure =

    3.4352         0
	
--------------------------------------------------------------------------------

Ns =

    10


Finternal =

   1.0e+03 *

    0.0060    0.0061    0.0067    0.0070    0.0067    0.0061    0.0052    0.0043    0.0032    0.0019         0
   -1.0845   -1.0845   -1.0845   -1.0845   -1.0845   -1.0845   -0.9600    0.0000    0.0000    0.0000         0
   -0.0590   -0.0576   -0.0552   -0.0557   -0.0615   -0.0721   -0.0807    0.0774    0.0549    0.0301         0
   -0.1975   -0.1396   -0.0845   -0.0292    0.0319    0.1036    0.1861    0.0918    0.0367    0.0065         0
   -0.0054   -0.0054   -0.0053   -0.0051   -0.0048   -0.0046   -0.0042   -0.0035   -0.0026   -0.0016         0
   -0.0478   -0.0417   -0.0351   -0.0280   -0.0212   -0.0151   -0.0098   -0.0055   -0.0023   -0.0004         0


d =

    0.0843
    0.0780
    0.0718
    0.0655
    0.0592
    0.0530
    0.0477
    0.0431
    0.0384
    0.0338


theta =

    0.3491
    0.3491
    0.3491
    0.3491
    0.3491
    0.3491
    0.3491
    0.3491
    0.3491
    0.3491


nTube =

     4
     4
     4
     4
     4
     4
     4
     4
     4
     4


nCap =

     0
     0
     0
     0
     0
     0
     0
     0
     0
     0


lBiscuit =

    0.3048
    0.3048
    0.3048
    0.3048
    0.3048
    0.3048
    0.2820
    0.2450
    0.2080
    0.1709


flags = 

             Opt: 1
         ConFail: 0
     ConWireCont: 0
      ConJigCont: 0
          ConDef: 0
      MultiPoint: 4
            Quad: 1
        FreeWake: 1
        PlotWake: 0
    DynamicClimb: 0
           Cover: 0
            Load: 0
           Cdfit: 1
           GWing: 1
         AeroStr: 1
           Movie: 0
        wingWarp: 0
        CFRPType: 1
        WireType: 1


failure =

    0.0250    0.0274    0.0298    0.0318    0.0344    0.0376    0.0371    0.0328    0.0260    0.0169         0














