type_flag =

     1
====================

RHO =

        7850


E =

   2.1000e+11


ULTIMATE =

   2.6200e+09

   
   